100
4 9
3 7 4 5
4 100
3 7 4 5
6 50
26 1 2 43 2 21
2 3
1 2
2 3
2 1
2 5000
2 1
9 49
1 5 2 1 2 4 2 2 5
5 48
4 2 1 2 2
5 11
2 4 3 1 4
7 46
3 3 1 5 3 3 4
5 24
5 3 1 5 2
7 24
3 1 5 1 5 2 5
4 5
2 4 1 4
8 36
5 5 1 5 1 2 5 1
6 43
1 2 4 4 2 1
3 16
3 3 5
10 22
5 4 3 4 2 4 5 3 1 1
7 38
2 2 5 2 2 3 5
3 10
3 5 1
9 44
4 3 2 4 2 5 5 4 4
10 23
2 5 5 5 3 4 2 5 2 4
8 7
5 1 3 4 5 1 5 5
10 22
2 5 3 2 5 1 4 3 4 4
9 20
5 1 4 2 2 1 3 3 2
8 4
1 1 5 3 5 5 4 5
8 29
3 5 3 4 5 1 3 2
18 156
6 9 9 7 8 7 7 10 9 9 10 8 6 7 8 7 9 10
16 115
6 8 10 7 9 5 7 10 9 7 6 10 5 8 9 10
11 147
6 9 7 8 8 9 5 9 9 5 5
10 196
6 10 6 10 5 6 10 9 8 8
20 193
6 9 7 7 10 5 5 8 8 6 6 7 7 8 7 6 10 9 9 10
10 191
5 10 10 7 9 6 7 9 7 6
10 54
5 10 7 8 9 6 10 5 7 6
19 168
5 5 8 7 6 7 8 9 8 5 6 9 10 10 7 7 5 9 10
12 53
6 10 9 6 8 5 8 9 8 6 6 9
19 71
7 7 9 8 5 8 5 10 6 7 5 7 8 10 7 5 5 6 9
19 161
10 10 7 5 5 7 10 5 7 5 6 5 6 10 10 7 7 6 7
14 168
6 9 10 5 10 10 5 6 10 7 6 10 5 5
11 125
9 5 7 10 6 10 6 8 10 6 6
17 62
7 8 9 8 7 8 10 8 10 9 6 8 7 8 5 7 8
18 96
7 6 10 6 10 9 6 8 7 8 8 9 9 9 9 6 10 6
16 89
6 10 5 7 7 6 8 7 9 10 7 9 6 5 7 8
19 158
5 9 8 5 9 7 10 6 8 8 10 7 9 9 5 7 10 8 9
11 90
7 9 8 7 8 8 10 6 10 10 9
18 64
6 6 10 5 6 6 7 7 8 10 10 5 5 6 8 6 7 9
15 53
9 6 10 6 6 5 9 10 8 10 6 6 9 9 10
27 681
32 18 28 20 15 36 25 47 13 14 31 26 39 30 48 31 10 27 32 50 21 33 32 12 12 27 38
71 3778
37 33 26 38 40 21 42 31 41 18 22 10 32 39 34 47 32 12 33 40 15 49 21 22 34 40 25 36 28 47 17 22 19 47 29 16 18 13 49 45 41 32 48 47 47 12 40 46 18 15 41 50 40 44 39 34 13 28 36 38 32 47 47 49 14 30 46 30 25 37 25
92 3884
11 23 43 33 35 44 28 23 20 40 43 35 22 21 34 34 22 50 10 32 32 42 48 47 45 48 47 33 26 37 47 32 23 23 47 50 46 16 28 26 44 40 35 41 18 21 18 35 11 13 36 28 26 41 11 46 32 19 50 23 17 50 39 24 40 16 36 22 37 38 34 28 20 17 24 50 41 15 18 38 11 13 20 35 35 34 25 29 10 40 34 36
57 3792
25 21 18 14 33 25 19 50 38 12 29 15 33 30 30 35 18 38 40 25 49 34 18 37 34 49 13 45 45 44 48 31 47 49 25 12 45 26 23 14 18 30 36 46 21 47 28 35 28 14 44 50 46 49 47 38 45
86 1055
44 19 14 37 50 21 28 49 50 22 23 35 24 18 26 11 25 46 23 12 35 38 29 29 41 48 41 27 32 19 26 41 14 49 23 30 43 42 17 46 37 36 22 31 18 45 26 41 42 16 31 44 40 12 16 10 50 11 32 30 19 12 44 19 45 38 38 41 48 14 13 16 29 43 43 11 13 30 46 31 22 21 32 29 39 16
67 312
22 42 13 39 20 14 39 46 30 19 47 44 28 29 26 42 46 30 13 20 30 50 16 24 49 47 18 15 32 24 27 17 34 17 16 47 50 47 41 25 35 31 32 25 33 46 44 34 39 44 44 39 40 22 50 41 30 28 45 30 36 16 17 31 14 17 30
30 3478
34 49 31 12 12 37 46 32 27 32 13 21 18 50 49 30 19 36 45 13 12 31 14 37 34 45 47 45 32 40
66 4446
24 20 48 11 50 11 22 18 15 11 28 44 15 43 39 15 38 44 10 47 44 35 12 27 30 22 34 48 26 44 12 48 36 31 44 29 47 23 39 41 47 14 42 14 40 29 29 49 31 24 33 12 21 27 22 15 15 33 27 28 32 45 16 26 46 46
65 2471
40 43 13 34 16 36 12 49 30 14 33 38 18 34 35 43 50 35 34 16 35 25 39 23 14 22 25 45 49 16 25 37 12 15 33 10 48 39 39 28 28 42 38 16 25 34 21 39 49 50 35 34 29 38 10 25 23 40 22 35 46 49 21 37 38
72 4435
45 30 40 12 44 28 22 22 49 20 10 30 40 28 38 12 33 23 21 16 20 32 21 25 47 15 22 48 19 15 49 16 44 35 27 29 42 19 38 37 11 17 45 39 33 29 42 10 41 12 22 32 25 32 31 42 25 49 44 33 15 25 22 22 10 38 38 22 30 22 46 44
48 2750
30 22 12 34 41 20 46 47 16 38 12 43 30 42 31 17 17 36 39 44 41 21 45 24 37 45 17 39 35 38 42 41 20 30 50 12 41 16 23 32 43 34 24 39 15 46 18 23
31 4686
43 30 17 41 39 37 13 19 33 17 17 28 25 29 15 39 16 27 29 49 38 37 37 43 30 23 11 17 13 37 47
75 2873
38 10 44 24 37 19 33 36 50 31 36 27 16 47 16 37 11 29 46 17 37 48 41 28 21 10 33 10 33 32 31 20 45 37 25 31 22 35 42 43 20 47 21 32 50 29 18 21 40 37 26 35 48 14 25 18 37 17 45 38 18 10 42 17 19 31 46 37 25 35 46 11 41 18 42
62 1754
41 31 21 41 43 19 15 28 26 34 41 37 21 18 32 11 10 18 38 21 30 14 24 15 17 46 36 49 15 15 10 28 44 13 29 20 40 44 43 24 37 40 40 45 24 15 21 43 28 47 17 31 26 29 14 28 10 42 15 39 41 28
87 1223
27 24 43 17 14 36 37 48 19 38 50 42 49 43 23 25 36 34 13 46 14 12 41 28 50 27 13 11 10 24 13 21 21 39 47 16 39 29 21 24 21 43 12 11 24 47 44 23 34 50 23 38 47 36 12 30 11 29 30 43 20 23 31 36 31 26 45 19 42 25 32 36 15 49 19 12 38 35 21 20 37 34 26 10 19 12 14
28 1133
48 13 13 20 50 16 33 32 28 33 36 13 31 13 12 40 40 33 49 32 14 47 38 17 37 32 29 36
63 3993
21 31 25 30 44 46 41 23 29 47 13 49 26 27 25 27 21 31 26 23 33 25 46 21 32 25 30 49 11 29 45 29 11 20 48 28 37 20 25 13 18 27 41 43 25 30 14 10 11 42 16 23 11 19 40 13 32 31 38 38 20 31 29
46 1599
14 44 17 24 27 11 23 37 47 48 47 30 10 48 18 24 17 48 12 12 49 50 10 38 38 42 40 45 44 18 49 14 31 41 42 10 44 26 40 23 45 14 31 22 39 29
64 2944
24 33 41 13 30 34 40 10 24 39 48 10 33 34 16 28 15 24 15 22 38 17 36 23 19 25 33 32 42 32 19 26 26 27 11 36 37 46 36 32 24 14 29 36 40 12 44 37 34 10 15 48 35 13 34 10 41 18 24 23 14 48 24 16
58 2205
13 29 13 37 10 17 14 20 32 34 30 28 40 40 33 33 17 26 49 37 38 22 10 28 24 12 37 16 24 20 35 17 12 18 24 45 36 18 47 23 18 49 17 39 13 17 36 24 49 43 23 24 45 26 22 32 45 17
100 5000
49 50 50 50 50 50 50 50 50 50 50 50 50 50 50 50 50 50 50 50 50 50 50 50 50 50 50 50 50 50 50 50 50 50 50 50 50 50 50 50 50 50 50 50 50 50 50 50 50 50 50 50 50 50 50 50 50 50 50 50 50 50 50 50 50 50 50 50 50 50 50 50 50 50 50 50 50 50 50 50 50 50 50 50 50 50 50 50 50 50 50 50 50 50 50 50 50 50 50 50
100 20
1 1 1 2 1 1 1 1 1 1 2 1 1 1 1 1 1 2 2 1 1 1 1 1 1 1 2 1 1 1 1 1 1 2 1 1 1 1 1 1 1 1 1 1 1 1 1 1 1 1 1 1 1 1 1 1 1 1 1 1 1 1 1 1 1 1 1 1 1 1 1 1 1 1 1 1 1 1 1 1 1 1 1 1 1 1 1 1 1 1 1 1 1 1 1 1 1 1 1 1
100 1000
33 13 39 7 39 17 27 5 25 47 19 7 33 15 13 19 9 45 21 3 3 31 47 21 5 7 39 21 43 41 27 29 9 9 29 49 29 25 25 39 45 35 23 47 17 31 5 35 25 17 1 23 33 1 43 37 41 15 41 17 49 1 37 29 41 45 31 43 23 37 13 37 49 3 45 27 21 47 35 7 9 5 15 3 19 1 15 49 31 19 23 13 35 11 27 11 33 11 11 43
100 62
50 14 26 14 1 14 26 1 1 14 1 1 1 1 1 1 1 1 1 1 1 1 1 1 1 1 1 1 1 1 1 1 1 1 1 1 1 1 1 1 1 1 1 1 1 1 1 1 1 1 1 1 1 1 1 1 1 1 1 1 1 1 1 1 1 1 1 1 1 1 1 1 1 1 1 1 1 1 1 1 1 1 1 1 1 1 1 1 1 1 1 1 1 1 1 1 1 1 1 1
25 3371
16 42 24 38 45 13 31 12 37 10 33 29 29 48 47 21 7 21 27 29 31 6 47 11 6
68 1136
46 1 11 47 47 12 42 3 14 44 34 13 31 42 40 13 23 25 45 26 46 24 32 13 14 14 38 16 11 7 7 49 8 25 41 25 26 26 40 31 47 43 24 48 38 28 2 50 25 46 10 32 1 10 46 35 8 33 41 23 20 1 24 8 42 47 46 31
86 2386
21 42 6 32 18 29 7 48 19 41 13 28 1 23 36 16 41 36 15 3 11 31 24 45 3 24 10 23 27 6 26 33 43 17 17 1 24 2 40 29 10 34 34 9 47 44 5 33 48 21 45 36 22 6 14 7 46 3 14 30 32 10 41 38 20 27 32 50 12 39 49 5 47 17 3 36 33 45 22 45 6 40 43 16 23 21
20 3043
25 12 39 38 29 41 31 38 12 46 29 20 22 25 2 1 2 37 50 20
95 224
39 2 7 15 16 2 41 35 25 24 18 41 17 30 24 34 32 8 22 17 50 30 4 33 39 26 50 20 13 9 45 28 27 31 4 23 50 49 48 6 50 33 29 44 32 24 17 34 15 33 21 43 43 18 22 15 23 20 12 31 9 39 11 10 12 30 19 21 49 13 40 16 44 28 35 31 3 34 48 3 3 36 22 50 37 46 27 17 34 41 26 49 26 37 16
34 3337
34 12 41 46 43 8 18 26 25 36 48 21 16 16 1 34 49 17 16 26 5 3 35 36 1 28 40 13 42 47 1 38 32 38
21 968
25 9 8 19 19 41 33 32 18 15 15 42 39 14 9 47 29 30 37 2 23
47 4776
27 30 17 44 13 21 36 30 49 39 43 28 8 27 42 31 41 44 17 18 12 16 12 34 9 25 31 45 49 20 22 40 10 4 32 34 38 28 13 7 47 41 40 4 13 45 21
64 4602
17 13 36 39 20 21 42 22 16 23 38 5 30 29 9 50 50 12 44 29 50 41 48 19 35 11 36 38 23 34 26 13 39 44 7 13 42 4 5 36 14 40 26 28 36 20 43 26 16 38 43 36 12 20 21 6 27 48 16 44 14 39 4 47
78 730
14 44 45 42 34 3 49 33 1 41 1 10 30 33 47 46 39 32 4 46 17 22 18 11 13 15 3 34 39 43 30 39 42 31 25 47 6 10 44 10 32 31 39 36 1 3 42 40 47 7 28 50 37 49 38 24 27 38 40 30 7 44 44 48 25 29 9 33 13 4 4 21 30 20 26 50 28 28
4 778
11 7 37 1
56 2496
23 1 1 50 23 39 5 18 35 44 25 24 37 19 25 13 31 8 19 2 40 2 25 35 28 32 43 3 41 15 27 2 2 28 32 33 25 10 5 39 23 45 29 12 33 7 22 20 45 13 27 2 42 19 26 28
57 288
25 12 15 26 30 11 6 30 16 25 21 13 9 43 45 11 31 38 38 22 3 26 11 12 43 1 33 10 31 47 14 27 21 8 30 25 49 30 11 4 33 11 23 30 20 9 4 43 26 36 19 11 17 7 16 4 8
47 1695
3 40 30 34 5 23 20 42 1 20 5 10 20 11 3 27 33 1 36 26 2 21 31 38 5 30 15 28 13 38 17 37 2 44 35 20 33 34 17 5 20 21 10 7 14 19 23
37 3278
2 46 36 8 27 36 41 33 23 40 43 23 31 41 21 16 8 44 17 14 50 37 44 27 9 26 36 41 6 41 1 43 5 24 25 19 9
33 4972
8 23 41 34 29 32 17 35 50 6 14 24 24 39 50 9 34 25 22 35 44 17 29 10 7 24 18 21 48 16 46 13 45
88 2657
37 12 8 38 39 30 26 8 13 5 6 32 10 23 29 34 50 9 28 33 45 32 23 26 14 10 21 16 46 26 6 19 32 14 49 17 31 4 47 48 30 29 22 26 17 49 25 14 9 30 21 38 33 27 2 25 13 21 28 14 26 13 13 7 41 40 6 37 25 3 29 22 36 41 13 45 14 25 6 43 45 12 11 10 50 32 18 44
72 3732
3 9 45 5 12 15 42 25 15 7 20 22 15 13 40 46 4 31 27 34 7 14 30 7 20 8 19 27 29 36 23 9 47 10 29 34 18 14 41 37 24 26 40 11 8 41 3 24 2 13 33 15 46 31 10 8 25 47 39 38 19 41 10 40 5 2 23 19 5 14 49 22
26 327
4 20 50 23 50 4 43 35 4 7 29 34 16 4 23 5 18 19 13 35 17 40 11 16 18 23
76 4970
15 40 10 20 44 46 13 22 2 31 49 45 33 35 17 34 27 19 20 4 22 6 40 22 32 4 49 14 28 8 50 24 47 48 46 2 18 16 50 46 42 27 2 43 11 15 31 22 3 25 12 43 34 8 44 43 10 40 50 28 49 4 43 6 39 39 24 45 34 8 41 9 38 46 33 3
67 994
3 8 15 27 39 32 5 43 10 31 29 4 21 5 12 36 37 44 50 25 25 13 10 22 31 38 45 35 47 27 26 34 1 10 15 46 8 13 41 22 16 26 12 21 44 36 48 16 38 26 42 21 12 27 38 13 3 26 1 46 12 8 16 3 50 21 37
55 1862
40 36 7 24 26 23 46 5 49 33 9 19 22 14 9 41 12 37 24 30 19 4 23 23 12 18 8 47 24 23 47 32 27 11 22 17 38 12 5 41 10 44 46 7 43 11 47 8 22 21 21 11 39 37 34
2 564
16 34
86 4085
13 24 32 22 17 45 50 1 5 28 20 42 45 8 40 49 49 14 27 11 1 8 39 13 39 23 39 20 4 31 39 2 19 16 44 30 28 46 2 45 4 46 47 18 30 16 31 49 8 17 16 22 41 40 45 15 8 12 22 20 2 46 15 2 44 47 43 49 16 23 3 15 29 28 17 30 30 15 27 3 9 35 13 34 15 8
88 1745
26 10 35 12 46 13 7 8 38 43 47 10 42 9 47 37 35 49 14 40 18 48 18 43 7 48 47 31 6 36 47 3 26 47 46 4 25 36 23 40 31 1 19 16 27 2 40 15 28 44 8 3 40 25 6 15 50 32 28 22 5 46 14 17 35 20 36 18 21 6 35 48 4 1 32 35 5 29 39 17 25 2 4 44 18 26 24 33
81 1603
38 5 1 7 28 25 19 16 25 41 29 46 26 45 34 47 20 13 18 46 23 11 49 38 7 37 10 34 34 13 30 32 42 10 2 36 18 28 46 49 25 35 38 2 39 14 41 13 3 11 5 15 6 7 4 44 39 40 28 21 2 48 41 14 49 4 10 1 23 1 13 37 13 10 26 18 30 33 50 7 37
28 717
12 40 14 14 37 20 50 6 30 22 12 15 41 11 22 35 30 39 26 39 6 30 37 33 30 37 6 7
56 2991
19 2 13 8 32 49 29 35 7 35 48 16 16 36 36 50 30 4 32 32 47 14 41 24 17 44 6 4 26 28 28 16 33 20 2 33 35 12 10 23 34 17 13 50 23 37 5 25 16 18 42 33 43 36 35 4
89 1458
20 21 48 29 37 6 45 30 24 9 8 48 45 4 2 30 27 9 13 16 40 41 9 15 48 27 18 6 11 1 19 31 39 26 23 20 14 24 29 29 21 47 46 3 31 50 13 39 17 9 28 45 27 16 20 14 18 12 29 21 7 1 17 17 9 41 12 23 29 11 36 17 50 27 49 48 32 2 15 31 11 43 48 40 6 4 22 46 43
16 1621
17 5 18 34 16 20 41 36 29 1 37 12 50 25 19 44
