100
3 170
10000 10
1000000 100000000
1 1
1000000 1
2 100
260522 4893375
436426 10114245
648772 29636481
933447 33466329
703497 63770902
407775 39826825
963982 93259384
968417 42604156
631932 54723502
895728 77603337
723857 62927039
286918 13337411
539679 16888506
63340 4928568
361868 22037216
287940 22122263
224593 1118449
836991 39953710
823355 15495068
11431 717880
291757 18814318
374934 5255728
163676 6918555
996221 93822280
195922 16614745
748511 46709367
575467 50374674
284691 18605704
999835 67602534
344965 15978980
381221 12037695
32501 259452
708325 42890231
229302 18728153
309896 5068622
797489 5935399
870607 17167866
374432 4167502
53968 5063533
187475 7176292
900084 10779010
979694 10978928
207354 10557512
538409 52824380
902643 17866421
751951 16334192
804420 71364197
828607 10776825
472167 19502817
363438 1489800
106986 9217904
976483 88632720
509806 19290481
676858 45314359
56553 4865602
723554 3389162
172325 5887435
309279 18648264
627327 10010649
429832 12192195
708200 47518720
787658 57343639
789992 29724330
226467 16584089
207958 3885981
746600 22987466
661473 22224829
179775 1292581
189770 7473455
383718 21321428
616807 52915035
281898 21528752
986530 32622811
179569 17232148
3384 62554
508913 538914
216315 3259686
689334 62734982
701392 57062326
671008 44336753
270962 3263157
514850 30228231
422061 13637185
371588 13211105
2980 143564
441890 23291052
68747 6182143
181740 15861593
287469 23584870
612516 6451243
396007 2616725
3299 164312
357163 14328699
863571 682276
