100
1 1
800 20
3 -4
100000000 100000000
-100000000 -100000000
0 0
-100000000 100000000
100000000 -100000000
-56645709 36333396
4700887 33861959
84604316 -50609681
71388356 -27374285
-36523612 -15631225
57196988 -11350885
10340015 -52091027
-55592261 -17634960
53820778 -17325079
81520139 73113646
-49032410 72707197
5417121 -31317322
21166818 44192194
61731696 -64095902
-97250266 6104990
-47684229 58913778
-18303093 -25263143
-76684678 10951802
19323769 29209663
-58903592 -18995699
37118846 26560981
81931928 -64811293
-46737434 -70361145
-77956022 20784680
-77082487 86220672
-66186686 -83279591
-72006678 -36974197
-17436563 -92938828
35934866 24004253
-9978459 35180107
-44516159 61390032
31485634 -69117059
-41014630 15882764
-61904649 9734175
18096111 -92821501
43041449 -95390708
-2908207 57507641
-69738624 97607088
37047443 -99698642
-42555365 23113432
-27032775 -48956713
98883581 33140739
59689805 -2676084
10261222 27436924
-37642337 -40811439
-43276509 -97905131
74222326 36072258
-31977695 -85257081
75649988 10494469
6789670 -82036943
35803185 -57422607
-52617017 -96339571
-3124829 -3996423
23094370 -21785862
-42776273 -98564419
36490827 37701204
-85971637 96357534
-54116656 -1937288
51189190 -92697659
-86382786 -40267785
-20292248 -1174249
53289580 70555290
-87068449 92323679
-94693555 60678717
-79154887 93451350
-44954673 42138461
-9770888 -7420156
16934073 65885873
83921750 -42296726
-20463596 -80039436
-21046508 60693289
82329275 -87266637
48453421 11843402
-38701081 -94886808
-74625324 29692634
82789602 56409502
53247982 22843366
-45755471 12996027
-33997750 34921817
40182448 -35899849
-90501859 -6297889
19645947 85140068
97274161 -30803647
93566957 89226128
34741767 21109356
71256357 -66521413
-54896759 -48170331
75383489 -74700330
-63136541 -36028462
-30833915 -52376911
89365863 -16588156
-9690156 -2623299
